TD3 acrobat

0 - 5
5 noise: {0.0: [-90.32, -98.29, -105.63, -90.02, -88.38, -95.63], 0.03: [-85.65, -86.36, -95.35, -94.0, -89.98, -93.42], 0.06: [-98.31, -93.34, -100.1, -90.03, -90.37, -92.66], 0.09: [-95.91, -109.51, -112.99, -88.92, -93.68, -98.94], 0.12: [-99.96, -105.39, -110.53, -96.11, -102.58, -96.54], 0.15: [-100.09, -106.58, -112.84, -99.71, -97.85, -103.67], 0.18: [-111.72, -105.08, -122.16, -98.77, -103.58, -114.84], 0.21: [-115.21, -119.08, -130.88, -104.3, -105.97, -118.53], 0.24: [-121.97, -108.33, -140.85, -111.33, -105.91, -126.96], 0.27: [-130.81, -121.89, -138.71, -113.04, -108.85, -131.59], 0.3: [-129.64, -124.36, -148.35, -118.76, -115.57, -138.0]}
5 fgsm (t): {0.0: [-90.42, -95.91, -92.95, -87.88, -87.4, -94.8], 0.0025: [-91.77, -101.05, -102.89, -83.95, -92.79, -94.31], 0.005: [-98.75, -95.07, -102.75, -90.8, -89.9, -97.88], 0.0075: [-94.85, -97.94, -102.14, -92.87, -96.91, -97.82], 0.01: [-98.84, -106.47, -106.99, -92.61, -93.24, -96.87], 0.0125: [-100.42, -113.98, -109.64, -93.37, -97.39, -104.59], 0.015: [-102.03, -118.29, -124.5, -97.55, -104.18, -103.76], 0.0175: [-115.05, -117.59, -118.25, -98.05, -108.96, -110.76], 0.02: [-110.87, -137.88, -125.9, -101.19, -101.16, -107.05], 0.0225: [-102.28, -108.33, -129.41, -100.12, -104.32, -103.32], 0.025: [-109.17, -117.45, -140.0, -99.93, -105.41, -108.07], 0.0275: [-115.82, -126.48, -153.48, -98.17, -109.74, -119.94], 0.03: [-107.73, -128.42, -169.09, -102.99, -121.21, -143.11]}
5 fgsm (ut): {0.0: [-89.87, -110.43, -94.12, -88.7, -84.0, -89.37], 0.0025: [-88.35, -97.07, -95.57, -85.86, -90.33, -92.92], 0.005: [-94.74, -102.62, -89.28, -88.53, -92.23, -96.13], 0.0075: [-91.8, -89.69, -88.18, -90.91, -91.69, -91.08], 0.01: [-96.87, -98.98, -89.7, -92.96, -99.12, -94.41], 0.0125: [-100.84, -92.27, -98.96, -91.18, -100.68, -98.18], 0.015: [-95.9, -101.02, -92.1, -96.88, -104.02, -92.35], 0.0175: [-92.23, -92.47, -94.04, -92.57, -114.7, -93.15], 0.02: [-92.52, -92.41, -97.78, -93.66, -136.41, -98.17], 0.0225: [-94.18, -88.54, -109.28, -92.06, -141.34, -94.3], 0.025: [-97.57, -88.77, -111.74, -100.65, -157.39, -96.54], 0.0275: [-95.13, -96.07, -109.09, -95.42, -158.89, -95.92], 0.03: [-89.46, -93.91, -123.1, -95.43, -152.44, -95.25]}

6 - 9
noise: {0.0: [-89.91, -92.05, -91.33, -91.93], 0.03: [-93.0, -96.43, -92.03, -88.12], 0.06: [-93.78, -92.57, -94.29, -95.28], 0.09: [-96.55, -93.7, -96.26, -93.39], 0.12: [-95.36, -98.04, -103.26, -100.09], 0.15: [-101.94, -99.75, -98.7, -107.49], 0.18: [-113.22, -110.26, -98.3, -113.1], 0.21: [-124.03, -114.28, -110.84, -115.1], 0.24: [-128.27, -120.71, -110.45, -132.18], 0.27: [-141.45, -132.23, -114.27, -135.92], 0.3: [-149.33, -144.04, -122.75, -144.94]}
fgsm (t): {0.0: [-89.09, -89.38, -89.62, -91.26], 0.0025: [-91.04, -92.67, -92.68, -91.32], 0.005: [-91.67, -91.04, -91.73, -93.73], 0.0075: [-94.12, -97.05, -94.86, -94.93], 0.01: [-98.58, -90.83, -99.59, -94.26], 0.0125: [-105.95, -94.68, -99.32, -95.04], 0.015: [-104.28, -97.23, -98.16, -99.96], 0.0175: [-117.45, -98.44, -100.04, -104.51], 0.02: [-122.4, -105.56, -103.51, -110.45], 0.0225: [-129.46, -99.6, -101.25, -127.89], 0.025: [-130.56, -100.81, -108.49, -140.62], 0.0275: [-128.01, -105.5, -107.23, -179.28], 0.03: [-132.28, -104.02, -108.79, -202.02]}
fgsm (ut): {0.0: [-89.33, -89.43, -90.1, -89.23], 0.0025: [-90.53, -89.82, -88.1, -92.2], 0.005: [-93.95, -85.87, -89.99, -91.15], 0.0075: [-95.2, -85.92, -90.38, -88.4], 0.01: [-105.11, -86.1, -94.04, -88.36], 0.0125: [-109.34, -92.37, -93.17, -94.87], 0.015: [-104.6, -91.87, -90.2, -91.46], 0.0175: [-107.82, -89.32, -88.9, -97.08], 0.02: [-136.75, -90.55, -92.3, -98.21], 0.0225: [-126.84, -89.07, -87.82, -96.59], 0.025: [-128.04, -98.62, -88.5, -101.54], 0.0275: [-117.5, -95.79, -88.93, -107.2], 0.03: [-130.44, -94.57, -96.43, -118.73]}
